8692280925698678819395286411517030374413450951935538999275412489797215056823
15524821005099686473739944832403183368337484268100185827292578211746169051071
2458099703116069362520077371852618590998147701980245481980763118029756129489
1589575441973945141227409974221325221759518542560332234636659869481449122948
2458560598485238638817380631274157511008485200543211178736128551038101983844
9887986202474205808214603631580441035483167215025562740149280331831724608283
14074694998414687937579786522719789234872366094669761946859469032487595119458
2100139881468342892874058805509756508263999008592692569266000776256806587893
19888758701595201787896850778838741191265782241001350303018608299167068923244
9818552820774618249255933041374826185657617897678052885624290056382169423948
4157710143946556007204953644844719161483838306303234036395502535308819913215
14416956568133063205562596372448613432087875386721645241558600893505342418871
1437238290212905631641395198752968702486020057014984516620458710497587888550
616341281573819867419445320104790407626982252971411233899181434155550196728
8646720934364567394799415920454012730677035765746588182177814558245403045423
18031391216463035291447044260044887060535480707626406473154029109195697373175
