8692280925698678819395286411517030374413450951935538999275412489797215056823
15524821005099686473739944832403183368337484268100185827292578211746169051071
2458099703116069362520077371852618590998147701980245481980763118029756129489
1589575441973945141227409974221325221759518542560332234636659869481449122948
2458560598485238638817380631274157511008485200543211178736128551038101983844
9887986202474205808214603631580441035483167215025562740149280331831724608283
14074694998414687937579786522719789234872366094669761946859469032487595119458
2100139881468342892874058805509756508263999008592692569266000776256806587893
19888758701595201787896850778838741191265782241001350303018608299167068923244
9818552820774618249255933041374826185657617897678052885624290056382169423948
4157710143946556007204953644844719161483838306303234036395502535308819913215
14416956568133063205562596372448613432087875386721645241558600893505342418871
1437238290212905631641395198752968702486020057014984516620458710497587888550
616341281573819867419445320104790407626982252971411233899181434155550196728
8646720934364567394799415920454012730677035765746588182177814558245403045423
18031391216463035291447044260044887060535480707626406473154029109195697373175
15502021103140250937879504640622762117349135235977205043711000267916370490684
7826449712418244603623783002655964426458085449339504614925279499611677533043
13303860091022680188326263649897972772719620527575362688805396842343481513281
19944188314795770103869063211120461911585395640475360211002375286649558755275
8673837047799467227771952277007341415427268483589817554519991747247836087057
5499260438005028539795706669448693458384032511616932606193054018593880622997
4077397068835237934473334313262193645149840385847723667661153142225624804918
5835870713319398102549479893008461293352397881772865150275703632350999923357
11152898507031722957529873005313594308834279714106823898187497522624097737838
18086536696634651280882159511674158996570579840843855817142935801945712276793
4881350561040397649479462159683538919497660927863834329329016596422688496427
16276059526141117804290568708533056731740743959969573011836671405852193305690
231516811889962709572343587603402413035656982106298696630100722084442179234
17992839601737013051745841977193501056135123160758356165711996007899550045623
18565681903050722131846657862390774673395250272969862718624104420427148768370
14150850587472638502918673080135789792712861949454466634340149225952016785504
14464172699411011136099081997324548113130925688982520214889210515448764713015
17620215682244533106354704519508133850346602929520718085187222626779291543300
12750078047610693347382436953430768694373144486763870669098704696669172744763
6141473781338245650075475511527990389849242057441709254902701656379007702699
3096854234837141858101141467449926586155986555151127239076293959689610689442
17002638048077934206746904656340539902391271178300030168557872264940230811533
4710910825399241748732603432022876443364511150672764863206343297919468315818
4398534840929146766811904010608792415504789298035932213700915615123073523339
6111327928105664005523393915529268609568613368032081858625617717149232086011
12103997212461022519596989000613153877611886097671658482174983771933157163866
9561581525582546288951721568655215190940394793604274051124106149251512978300
8197693966703537264947183010414346883750231373800139598786358195553490777984
19340965633146954018223416682269782230381174995706133883502472729645606990839
3812333768379050366693048496153278543310365185339317641263894504486231217282
7150414506764661155312868730284147391280861326732576663108645111862657700047
5200147295937161796068823770918607669297965550642800537144648515019696778928
7533258455834096442564243714100205593137955007022323039988786692912553953870
20802089128694344109734032967631176952105982695561485931094700481668862756008
10431085455641628756252757720326518326680704357521256594009312779280710388334
11389716296265071212979406381831151744119093891540536006594082410251099066463
5374821692464632102180584527711977716082953672947474719566115129686782830888
436123382187355933282615002353817932184017340556652015694889241708855692213
11481986661435640935007997946475012586892140553382257763635855411679601726661
19401407451711998933825726518502573587793331064241725604587326839002598597279
9329842932612708107737822806620429687810277564583109431371802471535782412364
16867744276634761046402812286013274514361274652830781870506988183460905786894
5463208953587448449461968460647850828198161323161024500641737402127922768076
7855298478532071056244491156053904318428307802912854010058989420031613765547
13418488042675020449995193205532745919551201947006972703569059995143769817436
5814457768011281248982031399922970385116469017276007715966144293739462695669
9488041718484555398995852427528134591087627035514071832740870845709201130783
924919813998294446777021964189281422869542490568977363627530866792774964285